('D = ', [0.010527024227566077, -0.02989615027571268, -0.007648212986191819, 0.014221989629049771, 0.0])
('K = ', [228.19267382823506, 0.0, 366.85570812399214, 0.0, 223.65747022577645, 231.9517512999316, 0.0, 0.0, 1.0])
('R = ', [1.0, 0.0, 0.0, 0.0, 1.0, 0.0, 0.0, 0.0, 1.0])
('P = ', [-3.906069040298462, 0.0, 1.884181772377275, 0.0, 0.0, -695.6531982421875, 145.79028367154206, 0.0, 0.0, 0.0, 1.0, 0.0])
None
# oST version 5.0 parameters


[image]

width
720

height
480

[narrow_stereo]

camera matrix
228.192674 0.000000 366.855708
0.000000 223.657470 231.951751
0.000000 0.000000 1.000000

distortion
0.010527 -0.029896 -0.007648 0.014222 0.000000

rectification
1.000000 0.000000 0.000000
0.000000 1.000000 0.000000
0.000000 0.000000 1.000000

projection
-3.906069 0.000000 1.884182 0.000000
0.000000 -695.653198 145.790284 0.000000
0.000000 0.000000 1.000000 0.000000


